
#-------------------------------------------------------------
# Ob: conjunto de barras da rede
# Tb: tipo de barra
# PD: potencia ativa demanda
# QD: potencia reativa demanda
# QC: bancos capacitivos instalados na rede
# Tb = 1 subestacão (tipo de barra)
# Tb = 0 barra de carga (tipo de barra)
# as cargas estao dadas em (P=kW, Q=kVAr)

param    :Ob:          PD       QD    QC:=  
           0          0.00     0.00     0
           1          0.00     0.00     0
           2          0.00     0.00     0
         200          0.00     0.00     0
           3          0.00     0.00     0
           4          0.00     0.00     0
           5          2.60     2.20     0
           6         40.40    30.00     0
           7         75.00    54.00     0
           8         30.00    22.00     0
           9         28.00    19.00     0
          10        145.00   104.00     0
          11        145.00   104.00     0
          12          8.00     5.50     0
          13          8.00     5.50     0
          14          0.00     0.00     0
          15         45.50    30.00     0
          16         60.00    35.00     0
          17         60.00    35.00     0
          18          0.00     0.00     0
          19          1.00     0.60     0
          20        114.00    81.00     0
          21          5.30     3.50     0
          22          0.00     0.00     0
          23         28.00    20.00     0
          24          0.00     0.00     0
          25         14.00    10.00     0
		  26  	    14.00    10.00     0
		  27  	    26.00    18.60     0
		  28  	    26.00	 18.60     0
		  29  	     0.00     0.00     0
		  30  	     0.00	  0.00     0
		  31  	     0.00	  0.00     0
		  32  	    14.00    10.00     0
		  33  	    19.50    14.00     0
		  34	     6.00     4.00     0
	    2700	    26.00    18.55     0
		2800	    26.00    18.55     0
		  65	     0.00     0.00     0
		  66	    24.00    17.00     0
		  67	    24.00    17.00     0
		  68	     1.20     1.00     0
		  69	     0.00     0.00     0
		  70	     6.00     4.30     0
		  88	     0.00     0.00     0
		  89	    39.22    26.30     0
		  90	    39.22    26.30     0
		  35	     0.00     0.00     0
		  36	    79.00    56.40     0
		  37	   384.70   274.50     0
		  38  	   384.70   274.50     0
		  40  	    40.50    28.30     0
		  41  	     3.60     2.70     0
		  42  	     4.35     3.50     0
		  43  	    26.40    19.00     0
		  44  	    24.00    17.20     0
		  45  	     0.00     0.00     0
		  46  	     0.00     0.00     0
		  47  	     0.00     0.00     0
		  48  	   100.00    72.00     0
		  49  	     0.00     0.00     0
		  50  	  1244.00   888.00     0
		  51  	    32.00    23.00     0
		  52  	     0.00     0.00     0
		  53  	   227.00   162.00     0
		  54  	    59.00    42.00     0
		  55  	    18.00    13.00     0
		  56  	    18.00    13.00     0
		  57  	    28.00    20.00     0
		  58  	    28.00    20.00     0;	
		
#-----------------------------------------------------------------------

param :Ol: 	                 R   		  X   	       Imax  := 
    	  0      1          0.0005     0.0012           1000
    	  1      2          0.0005     0.0012           1000
    	  2    200          0.0001     0.0001           1000
    	200      3          0.0015     0.0036           1000
    	  3      4          0.0251     0.0294           1000
    	  4      5          0.3660     0.1864           1000
    	  5      6          0.3811     0.1941           1000
    	  6      7          0.0922     0.0470           1000
    	  7      8          0.0493     0.0251           1000
    	  8      9          0.8190     0.2707           1000
    	  9     10          0.1872     0.0619           1000
    	 10     11          0.7114     0.2351           1000
    	 11     12          1.0300     0.3400           1000
    	 12     13          1.0440     0.3450           1000
    	 13     14          1.0580     0.3496           1000
    	 14     15          0.1966     0.0650           1000
    	 15     16          0.3744     0.1238           1000
    	 16     17          0.0047     0.0016           1000
    	 17     18          0.3276     0.1083           1000
    	 18     19          0.2106     0.0696           1000
    	 19     20          0.3416     0.1129           1000
    	 20     21          0.0140     0.0046           1000
    	 21     22          0.1591     0.0526           1000
    	 22     23          0.3463     0.1145           1000
    	 23     24          0.7488     0.2475           1000
    	 24     25          0.3089     0.1021           1000
       	 25     26          0.1732     0.0572			1000
    	  2     27          0.0044     0.0108			1000
    	 27     28	        0.0640	   0.1565			1000
    	 28     29	        0.3978	   0.1315			1000
    	 29     30	        0.0702	   0.0232			1000
    	 30     31	        0.3510	   0.1160			1000
    	 31     32	        0.8390	   0.2816			1000
    	 32     33	        1.7080	   0.5646			1000
    	 33     34	        1.4740	   0.4873			1000
    	200   2700          0.0044	   0.0108			1000
       2700   2800          0.0640	   0.1565			1000
       2800     65	        0.1053	   0.1230			1000
    	 65     66	        0.0304	   0.0355			1000
    	 66     67	        0.0018	   0.0021			1000
    	 67     68	        0.7283	   0.8509			1000
    	 68     69	        0.3100	   0.3623			1000
    	 69     70	        0.0410	   0.0478			1000
    	 70     88	        0.0092	   0.0116			1000
    	 88     89	        0.1089	   0.1373			1000
    	 89     90	        0.0009	   0.0012			1000
    	  3     35	        0.0034	   0.0084			1000
    	 35     36	        0.0851	   0.2083			1000
    	 36     37	        0.2898	   0.7091			1000
    	 37     38	        0.0822	   0.2011			1000
    	  7     40          0.0928     0.0473			1000
    	 40     41          0.3319     0.1114			1000
    	  8     42          0.1740     0.0886			1000
    	 42     43          0.2030     0.1034			1000
    	 43     44          0.2842     0.1447			1000
    	 44     45          0.2813     0.1433			1000
    	 45     46          1.5900     0.5337			1000
    	 46     47          0.7837     0.2630			1000
    	 47     48          0.3042     0.1006			1000
    	 48     49          0.3861     0.1172			1000
    	 49     50          0.5075     0.2585			1000
    	 50     51          0.0974     0.0496			1000
    	 51     52          0.1450     0.0738			1000
    	 52     53          0.7105     0.3619			1000
    	 53     54          1.0410     0.5302			1000
    	 10     55          0.2012     0.0611			1000
    	 55     56          0.0047     0.0014			1000
    	 11     57          0.7394     0.2444			1000
    	 57     58          0.0047     0.0016			1000 ;
		 
#-----------------------------------------------------------------------

let Vnom := 12.66; # tensao nominal da rede 
let Vmax := 1.0 * Vnom; # tensao maxima
let Vmin := 0.95 * Vnom; # tensao minima


let Barra_SE := 1;
#-----------------------------------------------------------------------

for{(i,j) in Ol }{
	let R[i,j] := R[i,j]/1000;
	let X[i,j] := X[i,j]/1000;
	let Z2[i,j] := R[i,j]^2 + X[i,j]^2;
}

#-----------------------------------------------------------------------
# fixar a potencia ativa das barras que nao sao SE
fix{ i in Ob: i != Barra_SE }
	PS[i] := 0;

# fixar a potencia reativa das barras que nao sao SE
fix{ i in Ob: i != Barra_SE  }
	QS[i] := 0;

#-----------------------------------------------------------------------
# fixar a tensao da SE

fix{ i in Ob: i == Barra_SE }
	Vquadrado[i] := Vnom^2;
	#V[i] := Vnom;
#-----------------------------------------------------------------------









